0.15088652074337006
0.6455948352813721
-0.21013902127742767
0.31747013330459595
0.00960366427898407
0.055754002183675766
-0.11274084448814392
0.06538949906826019
0.3961547017097473
-0.005739579908549786
-0.83857262134552
0.0530894473195076
0.059870969504117966
-0.719464898109436
0.0018696194747462869
0.4820830821990967
-0.0037501510232686996
0.10196927934885025
0.19848226010799408
-0.010806686244904995
0.35175612568855286
-0.24543175101280212
0.06116163730621338
0.03845461830496788
-0.00866585411131382
-0.058399200439453125
-0.28929269313812256
0.03518659248948097
0.06752605736255646
-0.006383280269801617
-0.6545886397361755
0.04789501056075096
0.0015403121942654252
-0.06830227375030518
-6.148837856017053E-4
-0.34386545419692993
0.04492814466357231
0.007272251881659031
-0.025647306814789772
0.036617767065763474
-0.005073943175375462
-0.06299608200788498
0.05970451980829239
0.10227499902248383
0.007488022092729807
0.22313696146011353
-0.03929411992430687
-0.018145496025681496
-0.0019543443340808153
-9.101864416152239E-4
-0.010889499448239803
0.0026544120628386736
0.03586834296584129
-0.8115976452827454
0.0011733702849596739
-0.08898326754570007
3.8168038008734584E-4
-0.15511766076087952
0.09301786869764328
-0.004878381732851267
-0.8416476845741272
1.322548747062683
-0.011417903006076813
-0.37240755558013916
0.013950387947261333
-0.14169679582118988
0.1553897112607956
-0.05876695737242699
-0.014034193940460682
-0.016835926100611687
-0.010589420795440674
-0.013448718935251236
-0.04074905812740326
0.0545865036547184
-0.008867427706718445
0.33393988013267517
-0.3257903456687927
-0.11790172755718231
-0.012059902772307396
0.003978095483034849
0.39555037021636963
-0.0033820096869021654
-0.02649202011525631
-0.23444555699825287
0.04623137041926384
-0.23499159514904022
-0.020034199580550194
-0.049709953367710114
0.05292371287941933
-0.19479647278785706
0.566024661064148
0.08789297938346863
0.6601873636245728
0.11415010690689087
-0.06283385306596756
0.05476933717727661
-0.05212605372071266
0.21965104341506958
0.015455295331776142
-0.5857682824134827
0.017326677218079567
0.15941603481769562
0.016131360083818436
0.1590472310781479
0.1204088106751442
0.03593264892697334
0.049855880439281464
0.3889428675174713
-0.24829132854938507
-1.3756773471832275
-0.04843271151185036
0.15387116372585297
-0.19664111733436584
0.002024390734732151
-0.16110125184059143
0.09844888746738434
-0.01253852341324091
-0.02805401012301445
-0.06853729486465454
-0.3548858165740967
-0.05528091639280319
0.048927921801805496
-0.03741156682372093
-0.012110114097595215
0.03462524339556694
-0.21848557889461517
0.5638566017150879
-0.1246100515127182
0.11674303561449051
-0.11115053296089172
-0.013482277281582355
0.03366818279027939
-0.11098835617303848
0.00797795969992876
-0.2420378476381302
0.09602927416563034
-0.07129409164190292
-0.005081798881292343
-0.030099548399448395
-0.03784693032503128
-0.13981249928474426
0.0029385786037892103
-0.0020299714524298906
-0.1593734622001648
0.06728479266166687
-0.03277306258678436
0.5419445633888245
-0.05631779506802559
0.048022352159023285
-0.0323028564453125
-0.048588596284389496
-0.5083042979240417
0.023922445252537727
0.1206524446606636
0.10278892517089844
-0.03840484097599983
0.01993509754538536
0.007804624270647764
0.02453460358083248
-6.236421759240329E-4
-3.171205462422222E-4
-0.5856788754463196
-0.033783551305532455
-0.05025890842080116
0.01579398475587368
0.09312991052865982
0.24700823426246643
0.036599963903427124
0.027841893956065178
0.07659691572189331
0.1314450055360794
-0.4933777153491974
-0.34463757276535034
-0.055748965591192245
-0.24641838669776917
-1.3358523845672607
0.06632068753242493
-0.015084327198565006
0.2721823453903198
0.35191285610198975
0.3675937354564667
0.012665941379964352
-0.07795064896345139
-0.013081034645438194
-0.06212649121880531
-0.44752493500709534
0.03192620724439621
0.11908172816038132
0.14699910581111908
0.3710249960422516
-0.005719078239053488
-0.04316661134362221
-0.009456136263906956
0.2080450803041458
0.11049892008304596
0.05927921459078789
-0.002692966954782605
-0.1544729769229889
-0.010330653749406338
-0.4004945158958435
-0.06134752929210663
0.007821433246135712
-0.11995875835418701
0.10411480814218521
-0.05607912316918373
0.09241654723882675
-0.08637402206659317
-0.07562500238418579
0.061338432133197784
0.034417763352394104
-0.02116580680012703
-0.07607243210077286
0.18192137777805328
0.020092980936169624
-0.13114111125469208
-0.012885919772088528
0.2937793433666229
2.781865358352661
0.006332017946988344
0.32267847657203674
0.2336166948080063
0.29150375723838806
-0.0281530674546957
0.0076085710898041725
0.020978642627596855
-0.4320644438266754
0.031616926193237305
0.44297969341278076
0.03933016210794449
-0.4816095530986786
-0.0914720743894577
-0.2493104785680771
-0.0015599123435094953
0.02923663705587387
-0.04957043379545212
0.07079482078552246
-0.10479088872671127
0.14477692544460297
0.06362351775169373
-0.4271077513694763
-0.26024723052978516
-0.04653019830584526
-0.1656089723110199
0.2613319754600525
0.6763898730278015
-0.014354926533997059
-0.175691157579422
-0.26983514428138733
-1.2271614074707031
-0.008450771681964397
-0.6396009922027588
-0.03999864682555199
-0.03749179095029831
-0.058113276958465576
-0.03264562413096428
0.03088715672492981
-0.3351517617702484
5.143883172422647E-4
-0.4132021367549896
0.026023153215646744
0.026408426463603973
0.4197402894496918
-0.2368505299091339
0.8729948997497559
0.19761726260185242
-0.07412785291671753
0.001846794388256967
-0.05438106879591942
0.006294731050729752
0.01284314040094614
-0.050666943192481995
-0.02734091505408287
0.038474466651678085
-0.00750073604285717
0.9319050908088684
-0.23040254414081573
0.008803685195744038
0.26076963543891907
0.01633097045123577
0.050062377005815506
-0.20909667015075684
0.04169502109289169
-0.05745060369372368
-0.015410447493195534
-0.08878619968891144
-0.04812869802117348
-0.12773215770721436
-0.04430193454027176
0.22144527733325958
0.06968359649181366
-0.01618780381977558
0.05145964026451111
-0.030963730067014694
-0.14545397460460663
-0.030264489352703094
-0.12348109483718872
-0.0723457783460617
-0.011593888513743877
-0.01807326078414917
0.2522802948951721
-0.005370391067117453
0.006302451714873314
0.27698004245758057
0.3413647711277008
0.06213633716106415
-0.05940939486026764
-0.03358842059969902
0.05124792456626892
0.0152621204033494
-0.34275850653648376
-0.06591808795928955
-0.17146126925945282
-0.009871849790215492
0.04761675372719765
0.14554966986179352
0.2468055933713913
0.6597269773483276
0.009609433822333813
0.12483081966638565
-0.005149986129254103
0.07880764454603195
0.34260982275009155
0.015834005549550056
-3.9571610977873206E-4
-1.1039727926254272
-0.011937749572098255
0.13247378170490265
-0.02049427479505539
-0.2883898913860321
-0.851515531539917
-0.2385779470205307
0.09276579320430756
-0.35483166575431824
0.11743725091218948
-0.001905475277453661
-0.04472672566771507
-0.1827375888824463
-0.16350793838500977
0.20840208232402802
-0.014092275872826576
0.004142327234148979
-0.026656949892640114
-0.033727679401636124
0.05238835886120796
-0.06748638302087784
0.3515225946903229
-0.09051170200109482
-0.1824551820755005
-0.031188061460852623
-0.025994528084993362
-0.32104241847991943
-0.007692444138228893
1.0285556316375732
-0.24589203298091888
0.023972850292921066
-0.2866825759410858
0.05796247720718384
0.06449421495199203
0.13705599308013916
0.09650763124227524
-0.5053922533988953
-0.0045486330054700375
-0.013221297413110733
-1.0747859477996826
6.397649412974715E-4
0.038918934762477875
0.04656452685594559
-0.01924065500497818
-4.0783954318612814E-5
-0.3388894200325012
-0.15514186024665833
0.06340505182743073
-0.10104689747095108
0.05640840902924538
-0.11901601403951645
0.04544305056333542
-0.05396328121423721
-0.016634501516819
0.23203016817569733
-0.06308583915233612
0.04409252107143402
-0.12683983147144318
0.5162627100944519
-0.3557400703430176
-0.1675298511981964
0.007099652197211981
0.07253327965736389
0.4709837734699249
0.0711425319314003
-0.4587782025337219
0.511593222618103
0.1686498373746872
0.3018287420272827
-0.00886492058634758
5.164635367691517E-4
-0.04555577412247658
0.04037505388259888
-0.02290724590420723
-0.102765753865242
-0.17823822796344757
0.024680810049176216
0.015072613023221493
-0.012801938690245152
