-0.4084334671497345
-0.1275758594274521
0.21021424233913422
-0.13248451054096222
0.054958656430244446
-0.2445281744003296
-0.2644781172275543
-0.2308925986289978
-0.38059547543525696
-0.027602985501289368
-0.8991327881813049
-0.15152719616889954
0.13005371391773224
-0.6741312742233276
0.007290916983038187
-0.5355997085571289
-0.03558676689863205
0.08667275309562683
0.6458985805511475
-0.0061842044815421104
-0.3163919150829315
-0.2591843903064728
0.11065651476383209
-0.010396668687462807
-0.045265719294548035
-0.8880754709243774
0.4085254967212677
-0.13300271332263947
0.31467828154563904
-0.01804240792989731
0.47331491112709045
0.15397290885448456
0.066954605281353
-0.13433720171451569
-0.029925666749477386
-0.25076964497566223
0.11623797565698624
0.17909251153469086
-0.025843150913715363
0.030322475358843803
-0.4381959140300751
0.22771520912647247
0.3234279453754425
0.07165747880935669
0.009649686515331268
-0.5734443068504333
-0.20382416248321533
0.23600588738918304
0.09307125210762024
-0.002729591680690646
0.03929336369037628
-0.03769608214497566
-0.06274430453777313
-0.862854540348053
0.007364076096564531
0.4588868021965027
-0.09240494668483734
0.35549676418304443
-0.508533239364624
-0.04698808491230011
0.5289297103881836
0.2854771018028259
0.028662079945206642
0.3965193033218384
0.04332875832915306
-0.21349938213825226
0.267959862947464
-0.5084993243217468
0.25030243396759033
0.009975801222026348
-0.11582638323307037
0.2530815005302429
0.5973373651504517
0.2183610498905182
0.0040327939204871655
-0.2783600389957428
-0.5441879630088806
0.033160947263240814
0.08420276641845703
0.009209790267050266
-0.1920769214630127
-0.06433790177106857
0.28080233931541443
-0.4255426526069641
-0.07208415120840073
-0.37952253222465515
0.17572401463985443
0.4881967008113861
-0.12509985268115997
-0.4036848247051239
0.3949698209762573
0.05729011818766594
0.49064406752586365
-0.1738002449274063
-0.37412431836128235
-0.13497836887836456
0.0038451324217021465
-0.010747107677161694
0.2444532811641693
0.41431739926338196
0.01981797069311142
-0.3671043813228607
0.1518220156431198
-0.24320600926876068
0.41434094309806824
0.046218037605285645
0.058108776807785034
-2.4039884738158435E-4
-0.31131142377853394
-0.3388065695762634
-0.1327151507139206
-0.512292742729187
0.14258168637752533
-0.05045324191451073
-0.2614549696445465
-0.3087046444416046
-0.15627795457839966
-0.4139206111431122
0.10101982951164246
-0.5441661477088928
-0.004906781017780304
0.1054285317659378
0.15853118896484375
0.05418844148516655
0.12511126697063446
0.5276650190353394
-0.43976476788520813
-0.2830091416835785
-0.2612987160682678
-0.11083878576755524
0.003248835215345025
-0.00702570378780365
-0.31772249937057495
-0.014638137072324753
0.3362523317337036
0.23181329667568207
-0.2944485545158386
0.26029571890830994
-0.35906916856765747
0.25444111227989197
0.34262800216674805
-0.126264750957489
-0.004525614902377129
-0.33341702818870544
0.24271957576274872
-0.3553248643875122
-0.43317434191703796
0.0012673152377828956
-0.006204579956829548
-0.14263436198234558
-0.2747044265270233
-0.39295172691345215
0.07077841460704803
0.167739599943161
-0.09672483801841736
0.5092573165893555
0.15064270794391632
-0.0024032853543758392
-0.23433062434196472
-0.08739833533763885
-0.06984775513410568
0.5775461792945862
0.038123007863759995
-0.13324043154716492
-0.20217789709568024
0.7053053379058838
0.023742642253637314
-0.005948252975940704
0.04924921318888664
-0.4098881185054779
0.21967163681983948
0.35434815287590027
-0.4879997670650482
0.7661930322647095
-0.09509982913732529
-0.511271059513092
-0.10692548006772995
0.061802659183740616
-0.46760645508766174
-0.2918621003627777
0.39926597476005554
-0.10395988076925278
-0.27170372009277344
-0.11758603900671005
-0.22753307223320007
-0.08356356620788574
-0.2880367040634155
-0.06544411182403564
0.11506512761116028
0.18610750138759613
-0.20031827688217163
0.09037993103265762
-0.3007436990737915
-0.1918095499277115
-0.3349479138851166
0.11785858869552612
0.15441720187664032
0.3298673629760742
-0.011209739372134209
0.36525461077690125
-0.22201111912727356
-0.0953986793756485
-0.26027753949165344
-0.05079793557524681
0.28855276107788086
-0.13254539668560028
-0.31179338693618774
0.3449540138244629
-0.2323419153690338
-0.35691192746162415
0.08674854785203934
0.06379388272762299
0.27417635917663574
0.026159916073083878
0.27817848324775696
0.18437765538692474
0.14201152324676514
-0.4790606200695038
-0.045126210898160934
-0.5418254137039185
0.45504358410835266
-0.4077012836933136
-0.18188878893852234
0.06617795675992966
0.11198952794075012
-0.24667419493198395
-0.13024084270000458
0.3027476370334625
0.06275326758623123
-0.2648184895515442
-0.08556222915649414
0.45936253666877747
-0.043524306267499924
-0.14396609365940094
-0.2054874747991562
-0.1252630203962326
-0.2772282063961029
-0.12579448521137238
0.07461317628622055
0.3522365093231201
0.3389938473701477
-0.051612529903650284
-0.30179330706596375
0.046299174427986145
0.2681313157081604
0.19348178803920746
-0.16276000440120697
-0.3837026357650757
-0.30053552985191345
-0.33220502734184265
-0.21914440393447876
-0.18891404569149017
0.12286955118179321
0.4511427879333496
-0.5355890989303589
-0.10765960067510605
-0.3393581211566925
-0.07591373473405838
-0.13623273372650146
-0.43250298500061035
0.005577137228101492
-0.47481608390808105
0.34946998953819275
0.46160396933555603
0.30494099855422974
0.024736396968364716
-0.0018465450266376138
-0.09682238101959229
0.005401922389864922
-0.2082379013299942
0.5142953991889954
-0.1858484148979187
0.06011870503425598
-0.023924121633172035
0.5637166500091553
-0.12196739763021469
0.2005506008863449
0.30317550897598267
0.06799354404211044
-0.27275872230529785
-0.1131931021809578
0.31035786867141724
0.1446874588727951
-0.159707710146904
-0.20095640420913696
0.5643418431282043
-0.1915513426065445
0.051910676062107086
0.4655376672744751
-0.10068322718143463
0.04974538832902908
-0.032728180289268494
0.45076727867126465
0.2433840036392212
-0.2751798629760742
-0.3097487688064575
0.4527931809425354
0.15985961258411407
-0.005106867291033268
0.33869755268096924
0.0015213032020255923
0.1032513827085495
0.2407752275466919
-0.2870248854160309
0.006595740560442209
-0.12295433133840561
-0.17016637325286865
-0.21027828752994537
0.036756061017513275
0.25761348009109497
0.1731918752193451
0.9746114015579224
-0.2866220772266388
0.2153743952512741
0.26858416199684143
0.48535072803497314
0.06395794451236725
0.016018914058804512
0.1739177703857422
0.06072118505835533
0.1253357231616974
0.3341432809829712
-0.02872087061405182
0.07901564240455627
0.7632412314414978
0.02684670500457287
-0.13508333265781403
0.03258422017097473
-0.3266828656196594
0.2071693241596222
-0.3904217481613159
-0.205886110663414
0.4147167205810547
0.055739305913448334
-0.012176300399005413
-0.16026723384857178
0.3894088864326477
0.2796002924442291
-0.2508656680583954
-0.2083970308303833
0.031303588300943375
-0.12097484618425369
0.22262847423553467
-0.10867597907781601
0.14364077150821686
0.2498699575662613
0.5806331038475037
0.2875024974346161
-0.13473016023635864
-0.10849681496620178
0.3605944812297821
-0.09475336223840714
0.16820375621318817
0.5356155037879944
-0.058540187776088715
0.4250428378582001
0.15103720128536224
-0.15432973206043243
-0.3894108533859253
0.15003831684589386
-0.3311648964881897
0.10517207533121109
-0.04482010751962662
-0.6950436234474182
-0.22092343866825104
0.32006099820137024
-0.17477603256702423
0.07183156907558441
-0.0541800893843174
-0.5157223343849182
-0.19867311418056488
-0.18711677193641663
-0.4087178111076355
-0.0709206834435463
-0.7603901028633118
0.08885198831558228
0.30617156624794006
0.15704189240932465
-0.31519559025764465
0.21713894605636597
-0.10930658876895905
0.42338046431541443
-0.370828777551651
-0.47430506348609924
0.518821656703949
0.039070725440979004
0.03841422498226166
-0.18204009532928467
0.33922281861305237
-0.17757700383663177
-0.5523645877838135
-0.26846250891685486
0.38142120838165283
0.18196827173233032
-0.20601046085357666
0.2039424479007721
0.10449372231960297
-0.05587400868535042
-0.14192935824394226
0.2932310402393341
0.05286606401205063
0.03768506273627281
-0.05070996284484863
