-0.3920974135398865
-0.15935513377189636
0.4498850703239441
-0.16753974556922913
0.08011621981859207
-0.6025609374046326
-0.3060055375099182
-0.2216896414756775
-0.42343029379844666
0.059680722653865814
-0.878757655620575
-0.20865821838378906
0.16886013746261597
-0.6230288147926331
0.06266209483146667
-0.5227927565574646
-0.06660530716180801
0.1402638852596283
0.30828821659088135
0.008432951755821705
-0.26207348704338074
-0.1341736614704132
0.18215979635715485
-0.008511768653988838
0.10866636037826538
-0.7785860300064087
0.3813423216342926
-0.14785031974315643
0.2230658382177353
0.044777385890483856
0.49023914337158203
-0.011452040635049343
0.0872264951467514
0.05523517727851868
-0.023182503879070282
-0.03841021656990051
0.08329322934150696
0.0035060886293649673
-0.18297787010669708
0.041283633559942245
-0.2420932799577713
0.2953486144542694
0.3946079611778259
0.053555846214294434
0.05926717072725296
-0.7255568504333496
-0.26480725407600403
0.24382632970809937
0.09757962077856064
-0.13237135112285614
0.30995288491249084
0.026813678443431854
0.11535604298114777
-1.0348261594772339
0.046537287533283234
0.35283994674682617
-0.009562349878251553
0.3929595351219177
-0.5121014714241028
0.11655658483505249
0.528299868106842
0.3731474280357361
0.10048191994428635
0.3882361650466919
0.018614862114191055
-0.14273376762866974
0.3830099105834961
0.15365053713321686
0.29399025440216064
0.2533881962299347
-0.023027660325169563
0.2747395932674408
0.9414090514183044
0.11476238816976547
0.0044961064122617245
-0.36621251702308655
-0.6943917870521545
-0.06400471180677414
-0.010506870225071907
-0.1141376942396164
-0.006759210489690304
0.05834349989891052
0.08152004331350327
-0.26279547810554504
-0.056738290935754776
-0.3755219578742981
0.26789870858192444
0.3544585704803467
-0.09311921149492264
-0.34930720925331116
0.40729016065597534
-0.01893221214413643
0.7247360944747925
-0.14620918035507202
-0.43309977650642395
-0.0820542424917221
0.034736745059490204
-0.38964036107063293
0.4271013140678406
0.4310762882232666
-0.27449920773506165
-0.3294478952884674
0.28008389472961426
-0.19992464780807495
0.29385700821876526
0.047832392156124115
-0.0733361467719078
0.03576677292585373
-0.2907237708568573
-0.08343206346035004
-0.11091731488704681
-0.4724748134613037
0.018559696152806282
0.24205859005451202
-0.26187437772750854
-0.14962244033813477
-0.20672354102134705
-0.2570439279079437
0.27658528089523315
-0.47924089431762695
0.1318494826555252
0.11790721118450165
0.13548888266086578
0.09861559420824051
0.027067754417657852
0.16261817514896393
-0.6322837471961975
-0.18619099259376526
-0.3128306567668915
-0.15990221500396729
-0.047636404633522034
-0.21550551056861877
-0.3379260301589966
-0.027549616992473602
0.5307955145835876
0.18803644180297852
-0.28957605361938477
0.3342931568622589
-0.31096184253692627
0.1842973530292511
0.2531830668449402
0.016230806708335876
0.2068430781364441
-0.35643741488456726
0.20051799714565277
-0.2911335825920105
0.1902843415737152
0.013419853523373604
-0.012261861935257912
-0.2523016333580017
-0.1876811385154724
-0.21526680886745453
0.06347068399190903
0.30351555347442627
-0.11767992377281189
0.01880817674100399
0.041382770985364914
0.09369054436683655
-0.31856924295425415
-0.4539007246494293
-0.2723033130168915
0.32004332542419434
0.2279655635356903
-0.20084041357040405
-8.316242601722479E-4
0.37878888845443726
-0.07951128482818604
-0.06377892941236496
0.02040357142686844
-0.37257063388824463
0.19772198796272278
0.554378867149353
-0.3791012763977051
0.3234125077724457
-0.17044956982135773
-0.6564447283744812
-0.16707494854927063
-0.11166875809431076
-0.5370223522186279
-0.24123185873031616
0.4944388270378113
-0.12800750136375427
-0.2424522191286087
0.13820326328277588
-0.21542130410671234
0.26613572239875793
-0.21649709343910217
-0.31076112389564514
0.13138774037361145
0.15468639135360718
-0.4542527496814728
0.0768236294388771
-0.2816641628742218
-0.3619144856929779
-0.35470661520957947
0.34157794713974
0.07097484171390533
0.2952621281147003
0.1757645457983017
0.42446082830429077
0.2770812213420868
-0.0393654890358448
-0.5200608372688293
-0.09184053540229797
0.28638210892677307
-0.24063260853290558
-0.3093445301055908
0.32387426495552063
-0.10623183846473694
-0.3609008491039276
0.08701691031455994
-0.1290726214647293
0.44245290756225586
0.08475940674543381
0.22152377665042877
-0.13364917039871216
0.12707342207431793
-0.4490320086479187
-0.03540968894958496
-0.4902614951133728
0.47725579142570496
-0.511783242225647
-0.09834020584821701
0.09475582093000412
0.07632295042276382
-0.38380715250968933
-0.10408149659633636
0.013927711173892021
0.03719450905919075
-0.2622721493244171
-0.4418690502643585
0.4890529215335846
-0.033473771065473557
-0.011204195208847523
-0.0735892802476883
-0.16496193408966064
-0.36847445368766785
-0.1789630800485611
0.20503491163253784
0.2584807276725769
0.3219071626663208
-0.009643199853599072
-0.49380552768707275
-0.2048463374376297
0.22456295788288116
-0.14329120516777039
-0.1022837907075882
-0.4103977084159851
-0.35763007402420044
0.012273474596440792
-0.09967422485351562
-0.09751477837562561
-0.06714655458927155
0.5424462556838989
-0.546901285648346
-0.35991933941841125
-0.4292939007282257
-0.08530361205339432
-0.0801980197429657
-0.5608935356140137
-0.11269639432430267
-0.32418009638786316
0.31178387999534607
0.2627875804901123
0.41392481327056885
0.09090391546487808
-0.01802174746990204
-0.1335282176733017
-0.15968693792819977
-0.1797802597284317
0.5186908841133118
-0.031056303530931473
0.27439504861831665
0.0028024145867675543
0.531287431716919
-0.12343186885118484
0.12737993896007538
0.5450870990753174
0.16434639692306519
-0.25240713357925415
-0.20755279064178467
0.0407203771173954
0.20632153749465942
0.07742591202259064
-0.20952346920967102
0.5170235633850098
-0.31605833768844604
0.13185881078243256
0.40889909863471985
-0.2259850651025772
0.07570038735866547
-0.09159141778945923
0.44956931471824646
0.46169593930244446
-0.02212601900100708
-0.5440748333930969
0.45024237036705017
-0.11789969354867935
0.2948884665966034
-0.10835468769073486
-0.004293748177587986
0.0031855213455855846
0.2781582474708557
-0.1771938055753708
0.19441938400268555
-0.01383267529308796
-0.11379344761371613
-0.13926953077316284
-0.03167033940553665
0.20961511135101318
-0.10733170062303543
-0.14563313126564026
-0.18201731145381927
-0.057727571576833725
0.2424635887145996
0.5304032564163208
0.11868871003389359
-0.07443370670080185
0.12652117013931274
0.06826231628656387
-0.14723221957683563
0.5499010682106018
-0.14747831225395203
-0.08521141856908798
0.8392417430877686
0.09585684537887573
-0.16697092354297638
-6.166063394630328E-5
-0.0387907475233078
-0.02792784385383129
-0.4751879572868347
-0.22901701927185059
0.43039682507514954
0.0580558106303215
-0.11517740041017532
-0.1565643697977066
0.41730213165283203
0.4931246340274811
-0.2409290224313736
-0.151848703622818
0.0011723532807081938
-0.11446256935596466
0.030662087723612785
-0.06825687736272812
0.11062156409025192
0.2557435929775238
0.7186246514320374
0.3859594762325287
-0.09972497820854187
-0.23913955688476562
0.31877458095550537
-0.053098227828741074
0.22534513473510742
0.5942601561546326
-0.07195637375116348
0.4499265253543854
0.08638983964920044
-0.1714676022529602
-0.20652411878108978
0.2567467987537384
-0.3813480734825134
0.1989389955997467
-0.06762194633483887
-0.6026057600975037
-0.24066801369190216
0.33523866534233093
-0.16633650660514832
0.016524408012628555
-0.009120873175561428
-0.49163058400154114
-0.4175379276275635
-0.22985483705997467
-0.49954676628112793
-0.26463669538497925
-0.5982381105422974
0.12845014035701752
0.19717636704444885
-0.014976817183196545
-0.27734726667404175
0.04891207069158554
-0.15248700976371765
0.5198217034339905
-0.5663663148880005
-0.9503653645515442
0.4938836097717285
0.12037988007068634
0.3342536389827728
-0.16089366376399994
0.39553195238113403
-0.07708664238452911
-0.5394479632377625
-0.2605849504470825
0.5052508115768433
-0.1097840815782547
-0.1424528956413269
0.17746543884277344
0.06363745033740997
-0.1907101273536682
0.02386517822742462
0.34645938873291016
-0.021298756822943687
-0.12768331170082092
-0.09047435224056244
